data/in_mask_sweref1800.asc
ncols         262
nrows         217
xllcorner     145178
yllcorner     6567888
cellsize      2
NODATA_value  -9999
[rows 87 to 115 of 217, columns 67 to 133 of 262]
53,13367 53,1585 53,17323 53,20387 53,23197 53,25961 53,27938 53,29299 53,31453 53,37616 53,40926 53,41681 53,42768 53,44337 53,43892 53,41292 53,3392 53,32146 53,35007 53,34955 53,35514 53,38578 53,38643 53,39854 53,43555 53,54568 53,744 53,86291 53,89144 53,93147 53,97716 54,01494 54,05614 54,12626 54,20906 54,2825 54,34647 54,42104 54,47184 54,61005 54,71013 54,7615 54,72803 54,73389 54,79352 54,87658 54,84015 54,67229 54,62466 54,70208 54,83538 54,9491 55,1008 55,31395 55,46866 55,59604 55,64205 55,63432 55,57163 55,52501 55,49849 55,50473 55,49853 55,62575 55,72507 55,80877 55,98267
53,16699 53,20894 53,22876 53,23128 53,25455 53,27847 53,2979 53,31742 53,33155 53,35275 53,36765 53,38449 53,39953 53,41551 53,41924 53,42271 53,42458 53,44033 53,46411 53,4861 53,4989 53,50619 53,51393 53,51854 53,53311 53,57475 53,69081 53,77885 53,80009 53,82758 53,85504 53,89621 53,93719 53,98352 54,01714 54,05442 54,07617 54,09788 54,15519 54,3054 54,43172 54,4602 54,45411 54,45487 54,48074 54,51934 54,4608 54,3418 54,34167 54,40255 54,50877 54,59938 54,70923 54,90997 55,02946 55,15175 55,29237 55,3623 55,27993 55,22113 55,27972 55,25863 55,25043 55,42261 55,55621 55,63789 55,77941
53,17223 53,21846 53,23436 53,20751 53,21581 53,23095 53,25284 53,27751 53,30048 53,3297 53,34056 53,35892 53,37341 53,39358 53,40706 53,41865 53,43777 53,45675 53,48194 53,51474 53,54004 53,56506 53,59529 53,62643 53,65665 53,67539 53,69568 53,71336 53,73095 53,75191 53,77217 53,79906 53,83483 53,88244 53,91574 53,9423 53,93696 53,89022 53,89625 54,03535 54,14944 54,17999 54,16436 54,12081 54,15345 54,16589 54,10119 54,0525 54,09932 54,13742 54,16354 54,23375 54,33854 54,48832 54,56501 54,70003 54,88299 55,01486 54,97617 54,96941 55,0703 55,01814 55,01009 55,1614 55,31588 55,45409 55,56256
53,19063 53,21565 53,22258 53,23919 53,22903 53,22182 53,24423 53,27284 53,31979 53,37594 53,38234 53,3902 53,38485 53,40045 53,42221 53,42761 53,43285 53,44596 53,47296 53,49962 53,51948 53,54967 53,58197 53,612 53,6344 53,64476 53,65688 53,6764 53,69315 53,70897 53,7303 53,74493 53,76574 53,79518 53,83047 53,86948 53,88324 53,84999 53,83439 53,88612 53,944 53,95357 53,91967 53,8872 53,90499 53,88742 53,8282 53,82292 53,85466 53,90001 53,91658 53,95951 54,02581 54,10196 54,17027 54,3201 54,47556 54,60913 54,65175 54,74781 54,84818 54,82073 54,84293 54,95999 55,07132 55,23973 55,42701
53,0146 53,02808 53,02139 53,053 53,08532 53,1163 53,16154 53,18959 53,23436 53,28808 53,29713 53,30857 53,30905 53,33609 53,38297 53,41062 53,41566 53,43125 53,46793 53,49908 53,52949 53,57603 53,63159 53,68175 53,69918 53,69891 53,68751 53,68892 53,6973 53,70945 53,71811 53,72752 53,74282 53,76197 53,78248 53,80965 53,83357 53,84889 53,86406 53,86885 53,87093 53,86259 53,84294 53,83215 53,82517 53,79937 53,75974 53,73074 53,72 53,73413 53,75544 53,78541 53,78816 53,81202 53,87514 53,99437 54,13174 54,27177 54,36875 54,51503 54,60206 54,65247 54,77531 54,8561 54,87541 55,01459 55,24388
52,81206 52,83387 52,84464 52,86758 52,90486 52,95334 53,00926 53,0417 53,0776 53,10368 53,10061 53,09735 53,10836 53,15128 53,22798 53,30267 53,33986 53,36862 53,42184 53,46488 53,48956 53,52881 53,61702 53,71084 53,7202 53,68396 53,65818 53,67345 53,70552 53,72508 53,74198 53,75996 53,78387 53,81324 53,82594 53,83477 53,8458 53,86549 53,86805 53,84188 53,8409 53,84449 53,83903 53,83552 53,83609 53,8265 53,80554 53,77224 53,72738 53,67949 53,6554 53,6374 53,61154 53,6078 53,64922 53,74034 53,84853 53,97869 54,09605 54,22279 54,31113 54,43773 54,56416 54,61292 54,63109 54,75076 54,93169
52,80185 52,83681 52,87531 52,85996 52,82108 52,82605 52,86085 52,89014 52,92282 52,94183 52,93771 52,9243 52,9232 52,96676 53,05964 53,15788 53,22116 53,26905 53,32832 53,36194 53,36733 53,37488 53,43425 53,50353 53,47055 53,39172 53,40653 53,48346 53,58092 53,64322 53,68414 53,70381 53,7106 53,7463 53,77974 53,81082 53,84575 53,87252 53,86042 53,81757 53,8252 53,83328 53,82647 53,82486 53,82478 53,81621 53,80189 53,7898 53,77254 53,75113 53,71605 53,66557 53,61092 53,56311 53,53785 53,54886 53,59087 53,68044 53,79937 53,91637 54,04196 54,20856 54,27583 54,30031 54,35268 54,48632 54,63582
52,85466 52,92835 52,99235 52,93959 52,82476 52,76324 52,76889 52,82961 52,88956 52,89551 52,88568 52,87399 52,8565 52,87023 52,94275 53,0268 53,09665 53,17824 53,25237 53,27129 53,25798 53,23561 53,23351 53,26434 53,32629 53,37601 53,38054 53,3773 53,42926 53,49777 53,53366 53,52185 53,49724 53,50501 53,53982 53,61397 53,70335 53,75451 53,76703 53,77219 53,82114 53,85388 53,85696 53,84876 53,83628 53,81841 53,79447 53,76143 53,74317 53,73593 53,71919 53,69295 53,65801 53,60606 53,55661 53,52359 53,51354 53,52493 53,56173 53,63891 53,79411 53,98158 54,06034 54,06092 54,10066 54,2062 54,34266
52,90722 52,98903 53,01186 52,92453 52,81597 52,74567 52,74895 52,84323 52,91807 52,91248 52,89987 52,89528 52,88337 52,87244 52,89003 52,91959 52,9658 53,07811 53,19643 53,21749 53,19093 53,18801 53,20852 53,26487 53,37868 53,49784 53,51766 53,42116 53,33945 53,33837 53,35973 53,37576 53,37497 53,3616 53,361 53,43885 53,54045 53,5927 53,62726 53,66879 53,74237 53,82122 53,85686 53,85611 53,85175 53,84692 53,84227 53,82242 53,79235 53,75354 53,71328 53,67094 53,63787 53,60877 53,58136 53,56551 53,55344 53,53187 53,50097 53,49304 53,56268 53,69315 53,8059 53,87794 53,92088 53,94728 54,05153
52,96478 53,03169 52,99988 52,89703 52,80732 52,75579 52,77233 52,87416 52,94139 52,93226 52,92218 52,92052 52,91715 52,9074 52,89545 52,87168 52,87865 53,00025 53,15475 53,19378 53,17509 53,18545 53,21995 53,28647 53,39936 53,50608 53,50951 53,40257 53,29901 53,26439 53,28955 53,37236 53,4347 53,4138 53,37007 53,40578 53,47482 53,50969 53,52939 53,54073 53,59868 53,69417 53,73675 53,74142 53,74082 53,71556 53,70321 53,72772 53,74588 53,74084 53,72965 53,69398 53,64796 53,6143 53,59259 53,58842 53,57333 53,5427 53,51746 53,49394 53,47792 53,48917 53,54343 53,6455 53,69618 53,69761 53,78991
53,01515 53,04389 52,96805 52,87121 52,80333 52,76994 52,80156 52,90839 52,9644 52,95201 52,94259 52,94011 52,93621 52,92877 52,90791 52,85441 52,83885 52,96328 53,13194 53,18173 53,17328 53,19503 53,24279 53,31288 53,41851 53,50225 53,47224 53,37561 53,29874 53,27094 53,31371 53,43239 53,5076 53,47829 53,41943 53,42375 53,46296 53,48142 53,46598 53,42249 53,45202 53,53719 53,55666 53,54542 53,53306 53,48686 53,45486 53,46601 53,48812 53,51867 53,56055 53,57712 53,57915 53,58524 53,59072 53,60499 53,59477 53,55041 53,51558 53,48936 53,46657 53,45198 53,43741 53,43972 53,4367 53,42837 53,47822
53,0493 53,02925 52,92582 52,84288 52,8017 52,78401 52,82789 52,94322 52,98934 52,97293 52,96203 52,95863 52,95325 52,94365 52,90674 52,82422 52,79604 52,92538 53,11882 53,17867 53,17656 53,2128 53,2688 53,3372 53,43333 53,48824 53,4417 53,37669 53,31673 53,298 53,36156 53,47813 53,52989 53,49836 53,44795 53,44548 53,47085 53,47395 53,42527 53,34889 53,35151 53,41222 53,39191 53,35009 53,31868 53,24622 53,20431 53,22659 53,2458 53,27944 53,35156 53,41953 53,45633 53,46992 53,48619 53,52868 53,5469 53,53162 53,51797 53,49765 53,46546 53,4342 53,4112 53,40985 53,4029 53,35981 53,32919
53,05302 53,00197 52,89367 52,81839 52,80014 52,79345 52,85359 52,97477 53,01141 52,99319 52,9818 52,97619 52,96709 52,95387 52,89982 52,80312 52,75898 52,8868 53,09616 53,16404 53,17847 53,22963 53,29059 53,3587 53,44371 53,46877 53,43588 53,40081 53,33769 53,32523 53,40699 53,4981 53,52639 53,50119 53,46967 53,46682 53,48138 53,46426 53,40582 53,32978 53,29958 53,3077 53,25541 53,20143 53,16832 53,11331 53,07968 53,09099 53,10664 53,14304 53,22606 53,31829 53,34494 53,32587 53,30997 53,33546 53,38239 53,4162 53,43188 53,44451 53,44709 53,42737 53,40635 53,39627 53,37394 53,32336 53,28307
53,00897 52,97597 52,90038 52,79792 52,77234 52,78598 52,88039 52,9965 53,02242 53,01056 53,00063 52,99123 52,9791 52,96085 52,88635 52,78984 52,70866 52,81892 53,03038 53,10472 53,13903 53,2178 53,30025 53,37514 53,44556 53,46116 53,46088 53,43425 53,35791 53,35405 53,43552 53,49464 53,51487 53,49637 53,48344 53,48319 53,48569 53,45652 53,4202 53,3406 53,25394 53,19755 53,14268 53,11357 53,12084 53,13471 53,11899 53,08786 53,07354 53,08648 53,13913 53,20477 53,21379 53,1918 53,16513 53,15671 53,2071 53,25351 53,25945 53,2812 53,33621 53,37292 53,38594 53,37178 53,33109 53,28972 53,26096
52,90463 52,80252 52,74672 52,71406 52,72078 52,74662 52,82478 52,92133 52,96513 52,99428 53,0069 53,00715 52,99083 52,93599 52,84027 52,7424 52,63332 52,73524 52,94101 53,01415 53,03484 53,11633 53,23442 53,35252 53,43621 53,47369 53,49718 53,46479 53,37834 53,38065 53,44277 53,4775 53,49957 53,48912 53,48949 53,49352 53,48846 53,47291 53,4583 53,36319 53,21515 53,11466 53,07314 53,08313 53,12497 53,16778 53,16676 53,13509 53,11178 53,10587 53,11031 53,09549 53,09071 53,1076 53,10505 53,09126 53,11999 53,14964 53,14283 53,15002 53,20129 53,24031 53,24793 53,25032 53,26102 53,26428 53,25063
52,67648 52,64584 52,62284 52,60923 52,63279 52,67463 52,70205 52,73561 52,8065 52,89044 52,96079 52,96657 52,90965 52,81275 52,73268 52,62819 52,50529 52,62704 52,84601 52,93285 52,94671 52,98277 53,07392 53,2152 53,31482 53,34307 53,38213 53,39631 53,33923 53,36163 53,43722 53,46363 53,47798 53,47359 53,48568 53,5024 53,50711 53,51298 53,50636 53,38129 53,1539 53,04618 53,04292 53,09014 53,15014 53,20597 53,21178 53,18208 53,16455 53,15434 53,12661 53,06533 53,06235 53,10334 53,11591 53,10729 53,12501 53,14332 53,12722 53,11474 53,12953 53,12386 53,10526 53,10787 53,16071 53,19976 53,20397
52,62224 52,63696 52,59459 52,547 52,57655 52,62582 52,63249 52,62767 52,63932 52,70417 52,8147 52,78942 52,71751 52,64778 52,60205 52,48289 52,36822 52,47861 52,69301 52,81578 52,86849 52,89895 52,94136 53,01611 53,07071 53,10006 53,15361 53,21837 53,20987 53,20411 53,26714 53,30889 53,31533 53,33249 53,42353 53,48721 53,50738 53,52003 53,49941 53,31313 53,03865 52,98278 53,04643 53,11613 53,1819 53,24489 53,25558 53,23178 53,21613 53,19132 53,13218 53,06277 53,07236 53,12803 53,15044 53,14906 53,16972 53,18232 53,16073 53,1473 53,13202 53,07742 53,02728 53,00881 53,06941 53,13465 53,1492
52,65156 52,66064 52,60717 52,56636 52,57629 52,58496 52,58354 52,57369 52,55226 52,55848 52,58652 52,5503 52,5204 52,49903 52,46454 52,34367 52,25652 52,29472 52,42657 52,60511 52,72152 52,79957 52,86534 52,90165 52,9189 52,94233 52,98156 53,01555 52,98918 52,94146 52,95001 52,98036 52,98915 53,04243 53,1595 53,24295 53,29814 53,34242 53,28606 53,06991 52,87518 52,9243 53,06182 53,14346 53,21674 53,28595 53,29873 53,27927 53,25285 53,19727 53,12164 53,07029 53,09087 53,15656 53,18808 53,19788 53,21968 53,22421 53,20639 53,19422 53,15268 53,0751 52,9886 52,96642 53,03761 53,09476 53,10807
52,66575 52,64268 52,64289 52,64 52,60703 52,57447 52,56353 52,55468 52,51077 52,46619 52,41619 52,38855 52,3848 52,38142 52,33543 52,23216 52,17887 52,19257 52,23254 52,3343 52,41641 52,59484 52,74356 52,81501 52,84351 52,85772 52,87471 52,88578 52,81256 52,66308 52,63661 52,66455 52,67742 52,73984 52,79487 52,83102 52,88111 52,9351 52,89832 52,78151 52,72602 52,85995 53,04594 53,14867 53,24682 53,32533 53,34157 53,31753 53,259 53,18552 53,1074 53,08437 53,1138 53,18771 53,22933 53,25181 53,2691 53,26618 53,25147 53,21765 53,15048 53,05869 52,95644 52,96032 53,02721 53,06358 53,06871
52,62389 52,59587 52,62157 52,63365 52,61251 52,57829 52,56423 52,55899 52,50723 52,46181 52,39547 52,34527 52,34808 52,32639 52,25164 52,17402 52,15213 52,27757 52,34624 52,26517 52,203 52,29562 52,43383 52,58747 52,70501 52,76288 52,78996 52,80695 52,67134 52,45988 52,41367 52,4258 52,47738 52,52876 52,51318 52,50054 52,51299 52,52933 52,57396 52,59531 52,5859 52,7676 52,98058 53,09569 53,23263 53,32374 53,3474 53,30707 53,23737 53,16411 53,09022 53,09638 53,13946 53,22023 53,2779 53,31048 53,32152 53,30866 53,27893 53,21788 53,13516 53,02667 52,95733 52,99105 53,01758 53,03733 53,03854
52,55906 52,55335 52,56557 52,58961 52,59697 52,56742 52,51667 52,50152 52,50615 52,49279 52,41696 52,36196 52,34932 52,28786 52,20467 52,14605 52,15579 52,40745 52,48669 52,35953 52,257 52,23357 52,2359 52,30176 52,3956 52,54623 52,6288 52,63065 52,48118 52,35692 52,31372 52,30802 52,37247 52,38338 52,34819 52,31679 52,31861 52,3211 52,38922 52,45085 52,43555 52,6138 52,80882 52,95571 53,07648 53,17736 53,1906 53,16505 53,13006 53,09294 53,04028 53,03432 53,11615 53,23286 53,29126 53,34974 53,36615 53,33755 53,28179 53,20377 53,09851 52,96912 52,93185 52,97205 52,98281 53,00517 53,00111
52,5523 52,53417 52,52435 52,52803 52,54058 52,52406 52,45234 52,3895 52,44993 52,46871 52,41935 52,37703 52,33888 52,26466 52,18583 52,12765 52,20431 52,46403 52,48412 52,41907 52,3674 52,33107 52,31206 52,29964 52,26993 52,29031 52,33205 52,34219 52,32208 52,30476 52,29173 52,28919 52,29689 52,26925 52,27568 52,26741 52,25532 52,25694 52,2907 52,31771 52,30978 52,41742 52,52601 52,66424 52,81109 52,90389 52,91737 52,91697 52,95636 52,98339 52,95991 52,91877 52,97986 53,09827 53,15088 53,24683 53,29593 53,29163 53,25615 53,17034 53,03069 52,89894 52,88009 52,92244 52,95126 52,96224 52,95404
52,59318 52,54525 52,51863 52,4987 52,4867 52,47908 52,45407 52,41817 52,42601 52,41819 52,39621 52,36673 52,3271 52,26142 52,18055 52,14917 52,30685 52,49491 52,49646 52,46404 52,42694 52,39058 52,38528 52,40508 52,32463 52,27543 52,25798 52,25997 52,25413 52,24451 52,2743 52,27927 52,23065 52,20863 52,22895 52,2513 52,23772 52,22675 52,22943 52,21836 52,23174 52,26982 52,29957 52,38055 52,50257 52,59786 52,66302 52,67966 52,72892 52,78098 52,76714 52,73586 52,78358 52,84673 52,90178 53,0222 53,07887 53,10786 53,12557 53,07164 52,9317 52,82879 52,82974 52,87495 52,90764 52,91285 52,90575
52,71383 52,60014 52,56169 52,51552 52,48293 52,46721 52,4464 52,42515 52,41108 52,37621 52,3526 52,33181 52,30524 52,24828 52,1879 52,24328 52,41798 52,51024 52,50277 52,48304 52,45347 52,42283 52,43553 52,46683 52,36617 52,297 52,29475 52,27619 52,23997 52,22491 52,22241 52,21445 52,18365 52,17608 52,18434 52,20097 52,21131 52,19921 52,19032 52,18466 52,18663 52,1984 52,20349 52,22732 52,25435 52,28954 52,36237 52,41658 52,46703 52,50534 52,50874 52,52872 52,56914 52,59264 52,62494 52,72088 52,77848 52,81171 52,85589 52,85624 52,79939 52,74693 52,7572 52,81469 52,84892 52,8578 52,8642
52,75649 52,67805 52,64288 52,59592 52,5351 52,46928 52,43202 52,41109 52,39209 52,35214 52,31583 52,29918 52,28149 52,23505 52,23282 52,38003 52,49601 52,50942 52,499 52,48722 52,46926 52,44934 52,46603 52,4757 52,33943 52,28302 52,31337 52,32605 52,27652 52,24902 52,21246 52,1825 52,15184 52,1496 52,15259 52,15136 52,17056 52,17836 52,16275 52,1608 52,15748 52,16713 52,17575 52,19271 52,17422 52,16944 52,18921 52,22527 52,27401 52,31102 52,34696 52,38365 52,40748 52,41142 52,42323 52,47601 52,5312 52,55883 52,59805 52,62693 52,66281 52,65937 52,67564 52,73851 52,77757 52,79202 52,79378
52,78194 52,76388 52,73348 52,67935 52,59017 52,50465 52,44832 52,42127 52,39606 52,35468 52,31563 52,29123 52,26671 52,23503 52,30241 52,47625 52,5256 52,50927 52,49895 52,4866 52,47377 52,46273 52,45756 52,40258 52,28688 52,28379 52,31606 52,33205 52,30633 52,29348 52,24401 52,19817 52,16338 52,1443 52,12769 52,11945 52,13257 52,14666 52,1287 52,12284 52,12181 52,13775 52,16796 52,17738 52,16687 52,15761 52,16159 52,18888 52,21741 52,24669 52,28152 52,32349 52,33546 52,34026 52,35083 52,38043 52,40852 52,42778 52,45852 52,49606 52,54481 52,56542 52,60834 52,66195 52,70389 52,73004 52,73815
52,83825 52,8539 52,80309 52,71029 52,61623 52,5639 52,51832 52,47425 52,42957 52,37329 52,33261 52,30171 52,26913 52,24879 52,33733 52,4707 52,49588 52,50157 52,50608 52,49394 52,47878 52,46003 52,41492 52,32094 52,26424 52,28008 52,28831 52,27681 52,27098 52,29804 52,28976 52,26291 52,21122 52,1713 52,13621 52,10574 52,09353 52,09117 52,08143 52,07759 52,09272 52,12654 52,16219 52,16881 52,16927 52,16623 52,1753 52,19713 52,23038 52,28177 52,29788 52,31316 52,33083 52,35257 52,3651 52,37055 52,36771 52,37782 52,40088 52,42674 52,45742 52,50299 52,5596 52,60519 52,64642 52,6894 52,72557
52,91502 52,94245 52,86897 52,73058 52,65262 52,61997 52,58692 52,54597 52,4822 52,40718 52,35766 52,31467 52,28252 52,28017 52,35139 52,41744 52,43027 52,46301 52,50039 52,49707 52,47576 52,44064 52,36221 52,25312 52,22931 52,25947 52,23775 52,22346 52,24627 52,30641 52,33737 52,31299 52,25078 52,20639 52,1772 52,14326 52,09751 52,05531 52,0318 52,0373 52,07242 52,11704 52,15057 52,16301 52,17398 52,17346 52,17775 52,19432 52,23279 52,28519 52,3177 52,34949 52,3842 52,39302 52,39328 52,37841 52,35806 52,36208 52,37393 52,38523 52,42148 52,47335 52,51743 52,55651 52,6069 52,67075 52,73022
52,97385 52,96156 52,84126 52,70874 52,67572 52,6511 52,6167 52,58651 52,54396 52,46925 52,39905 52,3364 52,30458 52,33982 52,41076 52,4479 52,44304 52,44299 52,46905 52,47604 52,45755 52,41225 52,32409 52,24257 52,25928 52,26901 52,1843 52,16965 52,23977 52,32476 52,33296 52,29853 52,26093 52,22957 52,21613 52,2216 52,18236 52,0826 52,02153 52,03202 52,07554 52,10808 52,13166 52,15448 52,1701 52,17249 52,17463 52,19764 52,22262 52,23734 52,27674 52,33989 52,36638 52,36207 52,37699 52,37755 52,3511 52,34664 52,3449 52,35184 52,39974 52,44455 52,48038 52,51945 52,57994 52,67051 52,73917
