data/in_mask_sweref1800.asc
ncols         262
nrows         217
xllcorner     145178
yllcorner     6567888
cellsize      2
NODATA_value  -9999
[rows 87 to 115 of 217, columns 0 to 66 of 262]
-9999 -9999 -9999 -9999 -9999 -9999 -9999 -9999 -9999 -9999 -9999 -9999 -9999 -9999 -9999 -9999 -9999 -9999 -9999 -9999 -9999 -9999 -9999 -9999 -9999 -9999 -9999 -9999 -9999 -9999 -9999 -9999 -9999 -9999 -9999 -9999 -9999 -9999 -9999 -9999 -9999 -9999 -9999 -9999 -9999 -9999 -9999 53,29719 53,17752 53,11924 53,02178 52,97208 53,00167 53,01964 52,97668 52,96563 52,9551 52,97372 52,99805 53,01262 53,04243 53,05811 53,05439 53,06386 53,09121 53,12317 53,13602
-9999 -9999 -9999 -9999 -9999 -9999 -9999 -9999 -9999 -9999 -9999 -9999 -9999 -9999 -9999 -9999 -9999 -9999 -9999 -9999 -9999 -9999 -9999 -9999 -9999 -9999 -9999 -9999 -9999 -9999 -9999 -9999 -9999 -9999 -9999 -9999 -9999 -9999 -9999 -9999 -9999 -9999 -9999 -9999 -9999 -9999 53,34885 53,21453 53,10303 53,08985 53,04551 52,99898 52,98749 52,95947 52,88934 52,88454 52,88936 52,91053 52,93194 52,96329 53,00405 53,03177 53,05033 53,0708 53,09421 53,11949 53,1433
-9999 -9999 -9999 -9999 -9999 -9999 -9999 -9999 -9999 -9999 -9999 -9999 -9999 -9999 -9999 -9999 -9999 -9999 -9999 -9999 -9999 -9999 -9999 -9999 -9999 -9999 -9999 -9999 -9999 -9999 -9999 -9999 -9999 -9999 -9999 -9999 -9999 -9999 -9999 -9999 -9999 -9999 -9999 -9999 -9999 53,38745 53,23652 53,07076 53,00608 53,01746 53,04836 53,01894 52,95905 52,88221 52,83881 52,84254 52,83482 52,85543 52,87917 52,91906 52,97671 53,02998 53,053 53,05763 53,08131 53,11787 53,14709
-9999 -9999 -9999 -9999 -9999 -9999 -9999 -9999 -9999 -9999 -9999 -9999 -9999 -9999 -9999 -9999 -9999 -9999 -9999 -9999 -9999 -9999 -9999 -9999 -9999 -9999 -9999 -9999 -9999 -9999 -9999 -9999 -9999 -9999 -9999 -9999 -9999 -9999 -9999 -9999 -9999 -9999 -9999 -9999 53,35059 53,26893 53,09668 52,9762 52,93506 52,95702 53,00323 52,99821 52,95057 52,87856 52,81917 52,79248 52,77884 52,80173 52,83979 52,90326 52,98713 53,03557 53,0279 53,01668 53,04076 53,08977 53,13673
-9999 -9999 -9999 -9999 -9999 -9999 -9999 -9999 -9999 -9999 -9999 -9999 -9999 -9999 -9999 -9999 -9999 -9999 -9999 -9999 -9999 -9999 -9999 -9999 -9999 -9999 -9999 -9999 -9999 -9999 -9999 -9999 -9999 -9999 -9999 -9999 -9999 -9999 -9999 -9999 -9999 -9999 -9999 -9999 53,23196 53,13339 53,00483 52,95438 52,93371 52,9234 52,93831 52,97042 52,95841 52,8997 52,81224 52,73583 52,72521 52,76011 52,8156 52,89409 52,9584 52,94944 52,90126 52,88839 52,88552 52,8971 52,93612
-9999 -9999 -9999 -9999 -9999 -9999 -9999 -9999 -9999 -9999 -9999 -9999 -9999 -9999 -9999 -9999 -9999 -9999 -9999 -9999 -9999 -9999 -9999 -9999 -9999 -9999 -9999 -9999 -9999 -9999 -9999 -9999 -9999 -9999 -9999 -9999 -9999 -9999 -9999 -9999 -9999 -9999 -9999 -9999 53,11148 53,04573 52,98518 52,95543 52,92643 52,89818 52,88909 52,91191 52,89833 52,84496 52,78729 52,7178 52,70366 52,73966 52,79807 52,86179 52,87693 52,84451 52,81118 52,80948 52,80005 52,78375 52,7817
-9999 -9999 -9999 -9999 -9999 -9999 -9999 -9999 -9999 -9999 -9999 -9999 -9999 -9999 -9999 -9999 -9999 -9999 -9999 -9999 -9999 -9999 -9999 -9999 -9999 -9999 -9999 -9999 -9999 -9999 -9999 -9999 -9999 -9999 -9999 -9999 -9999 -9999 -9999 -9999 -9999 -9999 -9999 -9999 53,07693 53,04059 52,98743 52,93438 52,89312 52,86328 52,84201 52,83441 52,81216 52,76664 52,72951 52,70715 52,71429 52,74655 52,79515 52,83717 52,82964 52,8037 52,79047 52,79202 52,79599 52,79807 52,79448
-9999 -9999 -9999 -9999 -9999 -9999 -9999 -9999 -9999 -9999 -9999 -9999 -9999 -9999 -9999 -9999 -9999 -9999 -9999 -9999 -9999 -9999 -9999 -9999 -9999 -9999 -9999 -9999 -9999 -9999 -9999 -9999 -9999 -9999 -9999 -9999 -9999 -9999 -9999 -9999 -9999 -9999 -9999 -9999 53,13367 53,08875 53,00716 52,92408 52,86194 52,82671 52,80587 52,78994 52,76259 52,72342 52,70797 52,71909 52,73348 52,75278 52,78687 52,81084 52,79883 52,78616 52,78696 52,79944 52,82027 52,835 52,83669
-9999 -9999 -9999 -9999 -9999 -9999 -9999 -9999 -9999 -9999 -9999 -9999 -9999 -9999 -9999 -9999 -9999 -9999 -9999 -9999 -9999 -9999 -9999 -9999 -9999 -9999 -9999 -9999 -9999 -9999 -9999 -9999 -9999 -9999 -9999 -9999 -9999 -9999 -9999 -9999 -9999 -9999 -9999 -9999 53,22051 53,15837 53,06778 52,97411 52,87962 52,81385 52,78411 52,76529 52,74469 52,72305 52,72065 52,741 52,75559 52,76511 52,77655 52,7797 52,77266 52,7739 52,79263 52,8214 52,84601 52,86209 52,87212
-9999 -9999 -9999 -9999 -9999 -9999 -9999 -9999 -9999 -9999 -9999 -9999 -9999 -9999 -9999 -9999 -9999 -9999 -9999 -9999 -9999 -9999 -9999 -9999 -9999 -9999 -9999 -9999 -9999 -9999 -9999 -9999 -9999 -9999 -9999 -9999 -9999 -9999 -9999 -9999 -9999 -9999 -9999 -9999 53,27191 53,2336 53,16249 53,07234 52,96902 52,87865 52,81754 52,77652 52,75256 52,74055 52,7445 52,76198 52,77107 52,78235 52,7848 52,77481 52,76963 52,77858 52,81287 52,85133 52,87182 52,88629 52,90539
-9999 -9999 -9999 -9999 -9999 -9999 -9999 -9999 -9999 -9999 -9999 -9999 -9999 -9999 -9999 -9999 -9999 -9999 -9999 -9999 -9999 -9999 -9999 -9999 -9999 -9999 -9999 -9999 -9999 -9999 -9999 -9999 -9999 -9999 -9999 -9999 -9999 -9999 -9999 -9999 -9999 -9999 53,30276 53,2905 53,28236 53,26979 53,23589 53,16344 53,0774 52,99726 52,9174 52,83158 52,7771 52,76651 52,77661 52,79057 52,80192 52,80437 52,79353 52,78578 52,78585 52,79338 52,83598 52,88067 52,89682 52,9077 52,93697
-9999 -9999 -9999 -9999 -9999 -9999 -9999 -9999 -9999 -9999 -9999 -9999 -9999 -9999 -9999 -9999 -9999 -9999 -9999 -9999 -9999 -9999 -9999 -9999 -9999 -9999 -9999 -9999 -9999 -9999 -9999 -9999 -9999 -9999 -9999 -9999 -9999 -9999 -9999 -9999 -9999 -9999 53,26605 53,24982 53,24012 53,23926 53,24299 53,20985 53,1252 53,0391 52,96368 52,87101 52,80539 52,79454 52,80985 52,82042 52,82616 52,80696 52,78007 52,77833 52,78543 52,794 52,85086 52,90646 52,92194 52,92632 52,96742
-9999 -9999 -9999 -9999 -9999 -9999 -9999 -9999 -9999 -9999 -9999 -9999 -9999 -9999 -9999 -9999 -9999 -9999 -9999 -9999 -9999 -9999 -9999 -9999 -9999 -9999 -9999 -9999 -9999 -9999 -9999 -9999 -9999 -9999 -9999 -9999 -9999 -9999 -9999 -9999 -9999 -9999 53,23697 53,21487 53,19156 53,17342 53,17748 53,20872 53,12807 53,01208 52,92933 52,86132 52,82048 52,82019 52,83406 52,86268 52,84795 52,79417 52,75727 52,75306 52,75816 52,77858 52,85465 52,91358 52,93382 52,93893 52,99067
-9999 -9999 -9999 -9999 -9999 -9999 -9999 -9999 -9999 -9999 -9999 -9999 -9999 -9999 -9999 -9999 -9999 -9999 -9999 -9999 -9999 -9999 -9999 -9999 -9999 -9999 -9999 -9999 -9999 -9999 -9999 -9999 -9999 -9999 -9999 -9999 -9999 -9999 -9999 -9999 -9999 53,21434 53,21441 53,18999 53,16724 53,1408 53,11512 53,07684 52,99381 52,93697 52,88409 52,84681 52,83309 52,83191 52,84063 52,86889 52,84853 52,78456 52,74403 52,73399 52,73214 52,74827 52,80478 52,84001 52,87322 52,91067 52,97631
-9999 -9999 -9999 -9999 -9999 -9999 -9999 -9999 -9999 -9999 -9999 -9999 -9999 -9999 -9999 -9999 -9999 -9999 -9999 -9999 -9999 -9999 -9999 -9999 -9999 -9999 -9999 -9999 -9999 -9999 -9999 -9999 -9999 -9999 -9999 -9999 -9999 -9999 -9999 -9999 -9999 53,18561 53,20538 53,17356 53,14268 53,12207 53,07988 52,99413 52,92524 52,89936 52,87223 52,85624 52,85537 52,84888 52,84325 52,83614 52,82994 52,79362 52,7539 52,72748 52,71655 52,71586 52,71587 52,71162 52,73758 52,80711 52,89862
-9999 -9999 -9999 -9999 -9999 -9999 -9999 -9999 -9999 -9999 -9999 -9999 -9999 -9999 -9999 -9999 -9999 -9999 -9999 -9999 -9999 -9999 -9999 -9999 -9999 -9999 -9999 -9999 -9999 -9999 -9999 -9999 -9999 -9999 -9999 -9999 -9999 -9999 -9999 -9999 53,14528 53,15217 53,18664 53,18137 53,12572 53,09676 53,04686 52,97269 52,93042 52,91102 52,89358 52,88339 52,88983 52,87858 52,84731 52,81838 52,81133 52,80003 52,76537 52,72465 52,70335 52,69705 52,68005 52,66637 52,66306 52,68441 52,6908
-9999 -9999 -9999 -9999 -9999 -9999 -9999 -9999 -9999 -9999 -9999 -9999 -9999 -9999 -9999 -9999 -9999 -9999 -9999 -9999 -9999 -9999 -9999 -9999 -9999 -9999 -9999 -9999 -9999 -9999 -9999 -9999 -9999 -9999 -9999 -9999 -9999 -9999 -9999 53,12109 53,10748 53,11623 53,13957 53,1846 53,12931 53,06078 53,01896 53,01602 52,96103 52,93385 52,92934 52,92652 52,98236 53,02517 52,94278 52,85539 52,80365 52,78014 52,75414 52,72132 52,698 52,68951 52,66173 52,64629 52,64312 52,63733 52,62057
-9999 -9999 -9999 -9999 -9999 -9999 -9999 -9999 -9999 -9999 -9999 -9999 -9999 -9999 -9999 -9999 -9999 -9999 -9999 -9999 -9999 -9999 -9999 -9999 -9999 -9999 -9999 -9999 -9999 -9999 -9999 -9999 -9999 -9999 -9999 -9999 -9999 -9999 -9999 53,19086 53,13876 53,10548 53,09975 53,12382 53,09227 53,01075 52,97659 52,99394 52,9597 52,95631 52,9632 52,96397 53,01543 53,09158 53,03237 52,91585 52,82468 52,78151 52,75262 52,72094 52,70457 52,6919 52,65917 52,64808 52,63414 52,62385 52,63352
-9999 -9999 -9999 -9999 -9999 -9999 -9999 -9999 -9999 -9999 -9999 -9999 -9999 -9999 -9999 -9999 -9999 -9999 -9999 -9999 -9999 -9999 -9999 -9999 -9999 -9999 -9999 -9999 -9999 -9999 -9999 -9999 -9999 -9999 -9999 -9999 -9999 -9999 53,32325 53,28225 53,22541 53,15559 53,09729 53,06371 53,01088 52,97208 52,96359 52,94807 52,9548 52,98573 52,99757 52,96786 52,94553 52,97456 53,00439 52,90701 52,82021 52,7985 52,78246 52,74982 52,72388 52,69868 52,67146 52,65623 52,63422 52,63074 52,65624
-9999 -9999 -9999 -9999 -9999 -9999 -9999 -9999 -9999 -9999 -9999 -9999 -9999 -9999 -9999 -9999 -9999 -9999 -9999 -9999 -9999 -9999 -9999 -9999 -9999 -9999 -9999 -9999 -9999 -9999 -9999 -9999 -9999 -9999 -9999 -9999 -9999 53,34234 53,35247 53,3459 53,31111 53,19947 53,0838 53,03786 52,96299 52,94145 52,93966 52,9506 52,9952 53,02658 53,01237 52,95198 52,89231 52,86464 52,90004 52,84508 52,79619 52,79866 52,79805 52,78884 52,7705 52,74448 52,70689 52,65243 52,61176 52,61799 52,62004
-9999 -9999 -9999 -9999 -9999 -9999 -9999 -9999 -9999 -9999 -9999 -9999 -9999 -9999 -9999 -9999 -9999 -9999 -9999 -9999 -9999 -9999 -9999 -9999 -9999 -9999 -9999 -9999 -9999 -9999 -9999 -9999 -9999 -9999 -9999 -9999 53,31323 53,33158 53,35989 53,37857 53,36343 53,19452 53,02926 52,97812 52,9359 52,90874 52,91745 52,9681 53,03307 53,10249 53,04682 52,95384 52,8888 52,84187 52,82727 52,80096 52,78546 52,78635 52,78232 52,78841 52,81269 52,80826 52,76889 52,68772 52,63471 52,61016 52,58078
-9999 -9999 -9999 -9999 -9999 -9999 -9999 -9999 -9999 -9999 -9999 -9999 -9999 -9999 -9999 -9999 -9999 -9999 -9999 -9999 -9999 -9999 -9999 -9999 -9999 -9999 -9999 -9999 -9999 -9999 -9999 -9999 -9999 -9999 -9999 53,29227 53,30153 53,30852 53,3395 53,38074 53,38067 53,20801 53,00097 52,93239 52,90033 52,88836 52,92086 52,98021 53,05207 53,12708 53,02967 52,92892 52,88639 52,83577 52,81417 52,79671 52,77356 52,7606 52,75471 52,76888 52,82642 52,84978 52,8066 52,77074 52,76653 52,69271 52,60809
-9999 -9999 -9999 -9999 -9999 -9999 -9999 -9999 -9999 -9999 -9999 -9999 -9999 -9999 -9999 -9999 -9999 -9999 -9999 -9999 -9999 -9999 -9999 -9999 -9999 -9999 -9999 -9999 -9999 -9999 -9999 -9999 -9999 -9999 53,23556 53,27586 53,29266 53,29489 53,30256 53,33573 53,33776 53,16713 52,95184 52,88955 52,88051 52,88238 52,92978 52,99048 53,04627 53,02979 52,95371 52,91943 52,88884 52,83301 52,81198 52,79572 52,7575 52,72874 52,7246 52,75026 52,82464 52,85904 52,8185 52,89689 53,00702 52,93373 52,76811
-9999 -9999 -9999 -9999 -9999 -9999 -9999 -9999 -9999 -9999 -9999 -9999 -9999 -9999 -9999 -9999 -9999 -9999 -9999 -9999 -9999 -9999 -9999 -9999 -9999 -9999 -9999 -9999 -9999 -9999 -9999 -9999 -9999 53,16222 53,20119 53,24555 53,27975 53,29 53,2838 53,2694 53,19656 53,01022 52,88006 52,86039 52,86781 52,88522 52,94229 53,03231 53,05453 52,98621 52,93479 52,90221 52,87685 52,82434 52,81047 52,80022 52,76063 52,7229 52,70938 52,73278 52,79455 52,83033 52,85424 53,00576 53,09992 53,03571 52,90524
-9999 -9999 -9999 -9999 -9999 -9999 -9999 -9999 -9999 -9999 -9999 -9999 -9999 -9999 -9999 -9999 -9999 -9999 -9999 -9999 -9999 -9999 -9999 -9999 -9999 -9999 -9999 -9999 -9999 -9999 53,23969 53,16757 53,12822 53,13546 53,15565 53,19244 53,23627 53,26134 53,25452 53,18149 53,02636 52,89094 52,83493 52,83836 52,862 52,88072 52,91816 52,9845 53,00496 52,98299 52,94722 52,89635 52,8588 52,82606 52,82122 52,81306 52,78234 52,7541 52,74067 52,74739 52,77498 52,81808 52,92012 53,04304 53,07507 52,99264 52,87202
-9999 -9999 -9999 -9999 -9999 -9999 -9999 -9999 -9999 -9999 -9999 -9999 -9999 -9999 -9999 -9999 -9999 -9999 -9999 -9999 -9999 -9999 -9999 -9999 53,43608 53,34696 53,28015 -9999 -9999 -9999 53,2272 53,16489 53,12269 53,10699 53,10571 53,12196 53,15569 53,18711 53,17035 53,06299 52,91523 52,84493 52,82957 52,83518 52,86445 52,88387 52,8837 52,90972 52,99207 53,00846 52,96615 52,90384 52,85655 52,8349 52,83268 52,82467 52,80098 52,79075 52,79965 52,79567 52,7877 52,83426 52,96971 53,03814 53,04976 52,97754 52,86093
-9999 -9999 -9999 -9999 -9999 -9999 -9999 -9999 -9999 -9999 -9999 -9999 -9999 -9999 -9999 -9999 -9999 -9999 -9999 -9999 -9999 -9999 -9999 53,71731 53,42188 53,22618 53,18541 53,22552 53,26286 53,27409 53,26514 53,20602 53,15017 53,10779 53,08059 53,07043 53,09328 53,1272 53,08249 52,96436 52,86805 52,85944 52,8646 52,85654 52,87947 52,91589 52,93686 52,9636 53,02905 53,08638 53,07089 52,9855 52,90177 52,85443 52,84064 52,83217 52,80944 52,81019 52,83564 52,8252 52,80497 52,85215 52,96003 53,00688 53,02335 52,96368 52,8669
-9999 -9999 -9999 -9999 -9999 -9999 -9999 -9999 -9999 -9999 -9999 -9999 -9999 -9999 -9999 -9999 -9999 -9999 -9999 -9999 -9999 -9999 54,23756 53,76067 53,35304 53,12759 53,08921 53,14604 53,24923 53,33865 53,33447 53,28507 53,22982 53,17327 53,12296 53,07728 53,06587 53,08894 53,05637 52,9531 52,86094 52,86795 52,88538 52,89027 52,91663 52,94336 52,97263 53,01511 53,06569 53,119 53,12207 53,08311 53,0241 52,94784 52,88514 52,84053 52,80828 52,81701 52,84056 52,82906 52,83112 52,88596 52,94157 52,9693 52,9946 52,95499 52,89486
-9999 -9999 -9999 -9999 -9999 -9999 -9999 -9999 -9999 -9999 -9999 -9999 -9999 -9999 -9999 -9999 -9999 -9999 -9999 -9999 55,123 54,65778 54,10498 53,56952 53,22214 53,08898 53,08118 53,14922 53,27448 53,3706 53,38591 53,36114 53,32734 53,29082 53,24849 53,17571 53,07915 53,02561 53,01385 52,95178 52,85358 52,83825 52,87743 52,91746 52,93282 52,93895 52,97691 53,03714 53,07626 53,09218 53,09982 53,1011 53,08607 53,05298 53,00401 52,92075 52,84836 52,82683 52,82465 52,8279 52,87489 52,93229 52,93695 52,93088 52,95367 52,95424 52,94221
