data/in_mask_sweref1800.asc
ncols         262
nrows         217
xllcorner     145178
yllcorner     6567888
cellsize      2
NODATA_value  -9999
[rows 116 to 144 of 217, columns 67 to 133 of 262]
52,94941 52,86269 52,74057 52,69947 52,70646 52,67631 52,63572 52,60543 52,59081 52,54028 52,44127 52,36451 52,35576 52,41535 52,48369 52,51923 52,5233 52,49807 52,46423 52,44521 52,4155 52,35623 52,30896 52,30286 52,32834 52,27278 52,14359 52,12753 52,23135 52,33225 52,32386 52,29404 52,2724 52,24959 52,23601 52,26118 52,2402 52,11261 52,04127 52,0644 52,12079 52,14135 52,13834 52,14482 52,15451 52,16151 52,17023 52,19102 52,20896 52,23103 52,26701 52,30055 52,30573 52,28772 52,30238 52,32905 52,32559 52,32232 52,31385 52,32179 52,3643 52,40143 52,4412 52,49252 52,56861 52,67245 52,74063
52,90465 52,77272 52,70515 52,73211 52,73649 52,7009 52,65647 52,61663 52,60497 52,56807 52,45711 52,40163 52,4533 52,51604 52,55117 52,5648 52,56731 52,56085 52,53543 52,49055 52,41072 52,32805 52,31687 52,35414 52,35891 52,27121 52,15374 52,14499 52,25928 52,3342 52,31974 52,30173 52,28455 52,26661 52,24868 52,25047 52,21659 52,11318 52,06493 52,10885 52,17367 52,19064 52,18021 52,16163 52,15636 52,15394 52,15676 52,17368 52,19372 52,22736 52,26181 52,27699 52,27255 52,2492 52,23914 52,25309 52,26959 52,27189 52,26862 52,2869 52,32526 52,36598 52,41565 52,47741 52,55856 52,65023 52,7095
52,84348 52,73711 52,73845 52,77276 52,76363 52,72892 52,68974 52,64427 52,60726 52,54136 52,4398 52,44626 52,54531 52,59868 52,61311 52,61952 52,61878 52,61452 52,61067 52,59972 52,51014 52,37052 52,32789 52,3711 52,37719 52,29818 52,19013 52,19596 52,29663 52,32952 52,31355 52,30892 52,30001 52,28878 52,27401 52,24844 52,1834 52,10032 52,07967 52,13607 52,19266 52,20704 52,19828 52,18368 52,18857 52,18319 52,16777 52,17707 52,19963 52,22598 52,24674 52,25059 52,24384 52,22654 52,2051 52,20312 52,21311 52,21255 52,21871 52,24785 52,28806 52,33683 52,40285 52,47211 52,54795 52,62148 52,66482
52,72548 52,71902 52,77106 52,83454 52,85858 52,82782 52,75835 52,66951 52,58516 52,4869 52,43162 52,50393 52,588 52,61181 52,62751 52,64611 52,65749 52,66031 52,66368 52,66882 52,57207 52,40226 52,35384 52,41026 52,40698 52,32222 52,23571 52,22936 52,27279 52,28651 52,29177 52,30059 52,2995 52,29402 52,28196 52,24001 52,15503 52,08586 52,09956 52,16188 52,19786 52,20118 52,19439 52,20358 52,21655 52,20577 52,19874 52,20553 52,21526 52,22532 52,22866 52,22676 52,21941 52,20146 52,17617 52,16487 52,16248 52,15802 52,17365 52,21094 52,25981 52,32229 52,40024 52,47658 52,5523 52,62769 52,66906
52,62111 52,63829 52,70472 52,82656 52,89145 52,83511 52,73684 52,63913 52,54867 52,45928 52,44437 52,5153 52,56359 52,58387 52,61009 52,6388 52,665 52,6868 52,70153 52,67198 52,51622 52,37104 52,38883 52,45201 52,42318 52,34646 52,29864 52,27251 52,2516 52,24194 52,25966 52,28334 52,29688 52,30198 52,2723 52,2038 52,11874 52,08541 52,14563 52,21601 52,2229 52,20541 52,20134 52,22193 52,22235 52,2069 52,2086 52,22546 52,25292 52,23822 52,20417 52,19215 52,18687 52,17126 52,14301 52,12299 52,11413 52,11633 52,1377 52,17798 52,23606 52,31039 52,39944 52,49389 52,57851 52,64314 52,67596
52,55416 52,5346 52,57222 52,66384 52,72599 52,73811 52,68177 52,58343 52,50238 52,47397 52,55119 52,59413 52,58255 52,57647 52,58751 52,60412 52,62997 52,67695 52,69818 52,61317 52,44421 52,38437 52,43631 52,44802 52,40133 52,41228 52,44577 52,4084 52,36711 52,33959 52,29462 52,27618 52,29714 52,30225 52,2403 52,156 52,09332 52,12179 52,2317 52,29889 52,27425 52,23439 52,22149 52,22649 52,21846 52,21233 52,22365 52,24881 52,28043 52,25638 52,20169 52,16956 52,16277 52,14892 52,11108 52,07961 52,07132 52,08651 52,10786 52,14483 52,21352 52,30537 52,4126 52,54234 52,63222 52,67093 52,7136
52,57748 52,52162 52,52389 52,58266 52,60549 52,63426 52,61527 52,55241 52,4916 52,55769 52,7212 52,73941 52,68283 52,64245 52,61438 52,58887 52,58654 52,63425 52,63897 52,53785 52,42912 52,44171 52,47158 52,44335 52,42241 52,48985 52,52748 52,50176 52,46618 52,42345 52,37259 52,35255 52,32284 52,25973 52,18109 52,11678 52,09562 52,19122 52,32136 52,34804 52,30433 52,27256 52,26101 52,2496 52,24348 52,23387 52,24251 52,25881 52,25272 52,21791 52,19545 52,20131 52,22922 52,23133 52,16049 52,08281 52,05635 52,07077 52,08943 52,12728 52,20409 52,3056 52,42446 52,57834 52,65598 52,66581 52,74195
52,70614 52,63728 52,61872 52,62133 52,59855 52,58373 52,57773 52,5354 52,5221 52,67974 52,81942 52,81134 52,76941 52,74096 52,70847 52,66479 52,61818 52,59235 52,57192 52,51527 52,46796 52,47915 52,45994 52,4268 52,44667 52,522 52,54294 52,50736 52,46796 52,43171 52,40452 52,43485 52,41837 52,29448 52,18663 52,13064 52,13095 52,23535 52,33326 52,33852 52,32509 52,33167 52,35374 52,3779 52,39076 52,30969 52,24306 52,21999 52,19178 52,16256 52,22095 52,33522 52,41019 52,41143 52,30554 52,1731 52,10918 52,09605 52,1089 52,14901 52,22198 52,31251 52,41991 52,56322 52,63458 52,64236 52,7065
52,83938 52,79799 52,75582 52,68365 52,61882 52,59438 52,58642 52,54136 52,58088 52,77222 52,86087 52,85334 52,83503 52,81871 52,80017 52,78057 52,73584 52,63829 52,57845 52,54348 52,52049 52,50254 52,45555 52,43362 52,45583 52,53062 52,54843 52,5193 52,48197 52,44691 52,41615 52,44227 52,46744 52,35357 52,22862 52,16677 52,16565 52,24522 52,34116 52,38422 52,41373 52,45237 52,49583 52,52523 52,5174 52,41681 52,28947 52,20784 52,15412 52,14105 52,29111 52,50751 52,62015 52,61024 52,48227 52,31324 52,18921 52,13984 52,14527 52,17997 52,24177 52,31852 52,39827 52,49423 52,57089 52,60876 52,65037
52,90831 52,89336 52,83076 52,76208 52,67379 52,65631 52,62334 52,57653 52,69365 52,84365 52,88249 52,88787 52,88619 52,87864 52,86555 52,85728 52,83789 52,70811 52,60165 52,57076 52,56591 52,51979 52,4607 52,43897 52,4795 52,54678 52,57446 52,55723 52,51752 52,47604 52,43631 52,42307 52,41798 52,33609 52,23363 52,18739 52,19353 52,27259 52,40701 52,47995 52,52766 52,57508 52,62399 52,66259 52,6186 52,47301 52,30155 52,20414 52,13557 52,15434 52,38201 52,66241 52,80799 52,79746 52,66521 52,47382 52,29007 52,2083 52,18674 52,19664 52,24866 52,32349 52,39066 52,45359 52,51112 52,55499 52,59383
52,90929 52,92015 52,87899 52,86437 52,77564 52,70678 52,65517 52,63726 52,79762 52,85868 52,87822 52,89299 52,90213 52,90766 52,90845 52,91105 52,87773 52,70291 52,60301 52,60013 52,6129 52,56925 52,47137 52,4408 52,46112 52,52378 52,59513 52,6007 52,56363 52,51787 52,47083 52,42471 52,35867 52,2854 52,21763 52,20336 52,22993 52,30247 52,44326 52,51835 52,56473 52,6099 52,65737 52,69653 52,63432 52,47194 52,29362 52,17873 52,13733 52,26955 52,56326 52,81366 52,92389 52,94149 52,86781 52,73212 52,56793 52,43721 52,3144 52,25685 52,27833 52,34214 52,4016 52,45776 52,50657 52,54701 52,57208
52,93536 52,95947 52,90406 52,86703 52,8195 52,74357 52,68031 52,71026 52,85398 52,82429 52,8563 52,8844 52,89601 52,9062 52,91216 52,91299 52,83754 52,64799 52,60207 52,62558 52,59759 52,52938 52,46349 52,47735 52,4878 52,50022 52,56161 52,60878 52,57483 52,5223 52,47434 52,41669 52,33921 52,25071 52,21191 52,23702 52,29623 52,33506 52,41322 52,46794 52,50709 52,54649 52,59022 52,62688 52,53925 52,3625 52,26826 52,17172 52,16026 52,38005 52,69129 52,88578 52,97488 53,04148 53,01965 52,95167 52,90451 52,80219 52,62216 52,496 52,4073 52,39494 52,42879 52,47523 52,50929 52,54707 52,55526
52,86631 52,86189 52,84965 52,82468 52,79701 52,74332 52,69677 52,76744 52,85905 52,76469 52,81599 52,87341 52,88508 52,88385 52,86835 52,84087 52,72797 52,60329 52,60912 52,62379 52,54536 52,47808 52,47217 52,53629 52,56845 52,5658 52,59093 52,5877 52,53072 52,49023 52,44714 52,37845 52,31285 52,23323 52,22754 52,29442 52,4096 52,45377 52,45811 52,46055 52,46343 52,48076 52,50489 52,5147 52,40065 52,27294 52,22778 52,16457 52,18801 52,45414 52,73889 52,89145 52,99705 53,08363 53,0802 53,06101 53,06809 53,01818 52,89823 52,7769 52,56829 52,46087 52,47449 52,51415 52,52753 52,55021 52,5435
52,8519 52,80173 52,80082 52,8137 52,80433 52,76734 52,73251 52,76782 52,8167 52,72378 52,76185 52,84575 52,84653 52,81402 52,78048 52,74212 52,62864 52,58155 52,62041 52,62075 52,52098 52,45879 52,48431 52,56586 52,61193 52,64685 52,68757 52,70452 52,61892 52,53296 52,43813 52,32734 52,26593 52,23701 52,29191 52,36524 52,5175 52,57943 52,57185 52,55916 52,52375 52,47207 52,4299 52,40194 52,31456 52,23937 52,19621 52,14751 52,26492 52,57444 52,81587 52,90331 52,96214 53,0919 53,10268 53,0785 53,06481 53,03036 52,94915 52,82529 52,60542 52,50401 52,51107 52,54046 52,54973 52,5526 52,5366
52,89637 52,80199 52,78756 52,82647 52,83761 52,82979 52,83078 52,81704 52,81206 52,7683 52,77497 52,79956 52,77474 52,72457 52,69441 52,66948 52,62022 52,6148 52,66061 52,62587 52,50862 52,46426 52,50354 52,54181 52,5681 52,60802 52,65145 52,69709 52,70788 52,64268 52,4603 52,31781 52,25665 52,26824 52,4056 52,47505 52,59376 52,63263 52,62893 52,63007 52,61647 52,53067 52,44581 52,40235 52,32446 52,24135 52,17894 52,18242 52,42646 52,74287 52,90236 52,92643 52,96328 53,08726 53,10409 53,0693 53,0307 52,99556 52,92607 52,77724 52,60427 52,5379 52,52047 52,53228 52,54158 52,54425 52,50785
52,93079 52,82524 52,79739 52,86937 52,90506 52,95897 53,0619 53,01078 52,90842 52,84387 52,82214 52,79887 52,76984 52,71177 52,68233 52,6748 52,68423 52,70399 52,73827 52,63149 52,49774 52,48283 52,5084 52,52734 52,53728 52,56143 52,59655 52,64391 52,68355 52,66687 52,45944 52,32137 52,28119 52,33472 52,53685 52,59747 52,64857 52,66453 52,66632 52,67078 52,66679 52,59943 52,52782 52,48055 52,42634 52,37711 52,29288 52,31954 52,59193 52,8679 52,94852 52,94363 52,96996 53,03481 53,04778 53,04153 53,01812 52,98244 52,91595 52,75707 52,63924 52,56997 52,53903 52,541 52,52177 52,50612 52,48207
52,97494 52,87696 52,84914 52,90707 52,9646 53,12044 53,24247 53,13269 52,98144 52,909 52,87991 52,85023 52,83094 52,77505 52,75019 52,7405 52,74454 52,76918 52,77514 52,68917 52,54387 52,50166 52,53418 52,54704 52,55859 52,56245 52,5734 52,59795 52,62487 52,58788 52,42137 52,32581 52,31715 52,41019 52,62733 52,67781 52,69166 52,7004 52,70736 52,71518 52,71413 52,66655 52,60054 52,53188 52,47895 52,45893 52,49983 52,59312 52,76739 52,92356 52,95543 52,97459 52,99212 53,0024 53,0059 53,00693 53,00004 52,97671 52,90544 52,76968 52,68919 52,58649 52,56568 52,56789 52,52731 52,52369 52,54574
52,99181 52,87019 52,8653 52,91933 53,01077 53,18671 53,2583 53,14291 53,00564 52,96788 52,95629 52,93198 52,91718 52,87157 52,8358 52,79868 52,77848 52,78203 52,7754 52,72712 52,5906 52,53779 52,55524 52,57043 52,58997 52,5925 52,59531 52,59904 52,59612 52,53693 52,40527 52,34203 52,35706 52,45419 52,61514 52,66865 52,69508 52,71247 52,72504 52,74074 52,75264 52,7215 52,64051 52,53604 52,47717 52,46852 52,56415 52,76529 52,92214 52,96805 52,97522 53,0038 53,00772 53,00053 52,99291 52,99741 52,99539 52,97055 52,89117 52,80904 52,73233 52,59711 52,55348 52,53881 52,51405 52,53357 52,56655
52,99453 52,86568 52,88025 52,94581 53,05843 53,18902 53,2224 53,13226 53,03149 53,0256 53,03204 53,02049 53,00068 52,96212 52,92163 52,85731 52,80112 52,78057 52,76487 52,72776 52,63852 52,59476 52,5755 52,58881 52,6203 52,6259 52,62258 52,6097 52,57759 52,49396 52,38509 52,35135 52,37775 52,43821 52,50973 52,56617 52,61166 52,64876 52,67693 52,71517 52,75716 52,73281 52,61702 52,50247 52,4612 52,49149 52,6034 52,86329 53,02022 53,0437 53,03187 53,03818 53,01822 53,01845 52,98502 52,99231 53,01618 53,0022 52,91114 52,86053 52,76708 52,64799 52,58279 52,55839 52,54717 52,57252 52,58416
52,95622 52,86746 52,90722 52,97141 53,06099 53,15329 53,179 53,12833 53,07041 53,07899 53,0862 53,06688 53,02274 52,98219 52,94435 52,87661 52,80595 52,77257 52,75571 52,73368 52,69287 52,64073 52,60513 52,60066 52,63947 52,64457 52,636 52,6143 52,52335 52,43509 52,3789 52,36613 52,38353 52,41272 52,44059 52,47606 52,51873 52,55607 52,58523 52,63669 52,69856 52,68035 52,5587 52,47546 52,47152 52,56676 52,80304 53,05623 53,16821 53,23911 53,22023 53,17694 53,1048 53,07167 53,00285 53,0084 53,07165 53,06034 52,97284 52,92326 52,8163 52,72876 52,66718 52,64472 52,67513 52,6511 52,63653
52,9138 52,8834 52,92937 52,98674 53,04454 53,09758 53,12893 53,12809 53,10735 53,09848 53,07531 53,04179 52,99054 52,94738 52,90002 52,84573 52,79984 52,78184 52,7643 52,73456 52,69896 52,6633 52,63746 52,61428 52,61686 52,62308 52,65376 52,63575 52,48735 52,41061 52,39975 52,41246 52,42866 52,44471 52,45763 52,46313 52,48706 52,50748 52,51971 52,53886 52,57568 52,57964 52,52393 52,51605 52,53631 52,71523 53,10897 53,29066 53,31247 53,36737 53,35487 53,32384 53,2697 53,21032 53,12716 53,12862 53,18826 53,14421 53,05463 52,9878 52,87979 52,80905 52,76205 52,75171 52,76896 52,7232 52,82101
52,90765 52,9165 52,9535 52,99094 53,02126 53,0526 53,08375 53,10223 53,09301 53,06121 53,0187 52,9887 52,95057 52,91563 52,89576 52,88868 52,89442 52,90782 52,87177 52,78919 52,71774 52,67398 52,64708 52,61725 52,57875 52,55462 52,58159 52,58065 52,48185 52,44147 52,44157 52,46406 52,48168 52,4836 52,49001 52,48915 52,494 52,50126 52,50959 52,50344 52,50274 52,51766 52,53634 52,58142 52,63693 52,87214 53,29229 53,442 53,44351 53,45327 53,44561 53,43227 53,40115 53,36464 53,29898 53,26572 53,27561 53,21864 53,13821 53,05363 52,94787 52,88638 52,84382 52,81905 52,79977 52,8872 53,28732
52,93841 52,95449 52,97868 53,01291 53,03947 53,05464 53,0652 53,06459 53,05294 53,01925 52,97971 52,95889 52,95064 52,97865 53,06654 53,16116 53,21859 53,24001 53,19106 53,06244 52,9105 52,79079 52,71642 52,65129 52,57685 52,52942 52,50853 52,5038 52,49421 52,48901 52,49574 52,51931 52,52854 52,51972 52,5209 52,52651 52,53081 52,5302 52,533 52,54169 52,54102 52,54062 52,55788 52,60094 52,72018 53,03308 53,38543 53,46732 53,47424 53,48578 53,48866 53,48809 53,48267 53,47116 53,42805 53,35853 53,3091 53,26258 53,20992 53,12944 53,03537 52,99333 52,95048 52,88253 52,92725 53,28148 53,88658
52,97766 53,00417 53,03843 53,06385 53,07466 53,05856 53,03728 53,02321 52,99918 52,96673 52,96771 53,02249 53,12938 53,28728 53,46305 53,58558 53,63332 53,62947 53,57782 53,48154 53,35518 53,218 53,08765 52,93657 52,76016 52,63953 52,58596 52,54096 52,50466 52,5134 52,53137 52,55984 52,5755 52,57021 52,56457 52,56815 52,57128 52,56984 52,57327 52,58624 52,58912 52,59231 52,59703 52,64245 52,86055 53,22288 53,43957 53,46857 53,48183 53,50727 53,52245 53,53237 53,54124 53,54058 53,51113 53,43694 53,35958 53,30984 53,27622 53,22446 53,15764 53,11964 53,05804 53,03684 53,29996 53,8555 54,32817
53,00121 53,02487 53,05282 53,0524 53,02876 53,00027 52,97886 52,97098 52,97186 53,01117 53,14095 53,3294 53,54075 53,74623 53,83957 53,84039 53,84494 53,84417 53,80862 53,75496 53,71142 53,66493 53,60012 53,4814 53,30656 53,146 53,03718 52,84898 52,67014 52,62083 52,58707 52,58609 52,59932 52,60157 52,60625 52,61274 52,6206 52,6204 52,62014 52,63274 52,64748 52,67364 52,69473 52,76968 53,04743 53,35812 53,45973 53,47005 53,48872 53,528 53,56085 53,57975 53,58736 53,5783 53,54581 53,48851 53,42285 53,36997 53,34803 53,33375 53,3051 53,2607 53,20223 53,34538 53,82376 54,31248 54,51317
53,01148 53,01652 53,01485 52,99737 52,97069 52,95093 52,96152 53,04227 53,18255 53,35262 53,55028 53,76334 53,96374 54,07494 54,01536 53,92232 53,89905 53,89345 53,87573 53,85057 53,83738 53,82354 53,80031 53,77802 53,74886 53,67688 53,54423 53,29094 53,06215 52,94542 52,84785 52,76014 52,69618 52,65904 52,64704 52,65989 52,68734 52,68816 52,68131 52,69975 52,73586 52,77974 52,82689 52,96054 53,26458 53,50242 53,51484 53,48155 53,49491 53,55261 53,60678 53,62473 53,61894 53,59273 53,54933 53,50237 53,45555 53,42261 53,42833 53,45094 53,45685 53,43676 53,47926 53,79852 54,26887 54,53127 54,58511
53,00876 53,02478 53,02702 53,04171 53,03477 53,05595 53,18688 53,39845 53,61367 53,79304 53,9375 54,06474 54,15261 54,13592 54,03386 53,96079 53,94057 53,92729 53,90953 53,89768 53,89122 53,87491 53,8564 53,85884 53,87284 53,87206 53,80743 53,64154 53,47772 53,3791 53,29821 53,20889 53,06295 52,87709 52,75814 52,73711 52,75289 52,73452 52,72581 52,75805 52,8073 52,86466 52,9558 53,12867 53,39208 53,58952 53,59443 53,51287 53,50507 53,58897 53,65252 53,65732 53,6316 53,58371 53,53135 53,49469 53,47407 53,49377 53,53543 53,57407 53,60626 53,63871 53,81207 54,19572 54,49171 54,59336 54,65753
53,22878 53,50241 53,67059 53,72535 53,64556 53,59717 53,73753 53,93703 54,06987 54,15489 54,21078 54,22903 54,17886 54,08931 54,02446 53,98626 53,97033 53,95547 53,93423 53,9196 53,91683 53,90811 53,89487 53,89909 53,90915 53,9073 53,886 53,8289 53,76738 53,72398 53,67212 53,60498 53,42819 53,16729 53,01282 52,97193 52,94995 52,89488 52,85041 52,86001 52,88903 52,91954 53,00621 53,12689 53,24375 53,37782 53,45806 53,45562 53,50034 53,62349 53,67584 53,66441 53,60852 53,53136 53,49619 53,49078 53,51886 53,58234 53,62111 53,64721 53,68566 53,74418 53,94242 54,30946 54,53893 54,61411 54,67641
54,33658 54,72723 54,73112 54,55488 54,42217 54,40078 54,44482 54,47411 54,48629 54,47603 54,44717 54,36692 54,22444 54,11418 54,06322 54,02457 53,99877 53,97709 53,95525 53,93872 53,93248 53,92651 53,91045 53,90754 53,91505 53,9157 53,90938 53,89286 53,87644 53,86025 53,81943 53,72628 53,55182 53,3902 53,36557 53,38198 53,38174 53,3715 53,31384 53,27541 53,25514 53,189 53,12403 53,12654 53,13895 53,17496 53,24107 53,31032 53,41149 53,53005 53,59339 53,62143 53,56479 53,4752 53,46606 53,49217 53,56671 53,61708 53,62489 53,65177 53,69912 53,75512 53,88417 54,21482 54,50577 54,63407 54,69749
