data/in_mask_sweref1800.asc
ncols         262
nrows         217
xllcorner     145178
yllcorner     6567888
cellsize      2
NODATA_value  -9999
[rows 174 to 202 of 217, columns 67 to 133 of 262]
68,32701 68,43458 68,65242 68,69306 68,73726 68,87572 68,79174 68,42834 67,93733 67,52907 67,29531 67,30376 67,38434 67,43936 67,10327 66,7261 66,6226 66,5546 66,45208 66,2219 65,57057 64,96718 64,5102 64,19939 64,04977 63,75408 63,30121 62,90367 62,53704 62,37917 62,41277 62,56028 62,51754 62,53902 62,57661 62,57288 62,54985 62,59309 62,89027 63,34763 63,47819 63,50995 63,83539 64,13325 64,21574 64,08244 63,89851 63,94029 64,04275 64,01239 64,16786 64,53606 64,78545 64,98087 65,07301 64,93141 64,67631 64,3811 63,99377 63,77578 63,60704 63,30189 62,83622 62,17775 61,31035 60,91111 60,85339
69,03319 69,00788 69,17972 69,3289 69,3015 69,28406 69,18002 68,95304 68,61459 68,35223 68,00565 67,83222 67,89562 67,96293 67,86653 67,77678 67,7707 67,7487 67,58021 67,31019 66,72944 66,13434 65,48537 64,82175 64,47305 64,12594 63,79839 63,40376 62,81755 62,50969 62,39767 62,47459 62,40313 62,40039 62,52681 62,57764 62,60366 62,62865 62,88634 63,54253 63,72972 63,64048 63,77867 64,13985 64,43369 64,35179 64,26997 64,26332 64,32572 64,3494 64,37436 64,59109 64,83913 64,97409 65,04797 64,97297 64,82954 64,71077 64,41019 64,05542 63,77367 63,65554 63,51426 62,8715 61,62756 61,04937 60,94474
69,67043 69,61762 69,64836 69,82346 69,81535 69,66412 69,55399 69,44025 69,28337 69,14342 68,81722 68,44002 68,33138 68,30005 68,30254 68,35743 68,39917 68,43362 68,33525 68,13252 67,8027 67,28786 66,62671 65,79153 65,01911 64,62663 64,37767 63,98845 63,33551 62,9164 62,71395 62,66183 62,53225 62,41342 62,51756 62,58804 62,62101 62,6415 62,85464 63,56037 63,87529 63,83387 63,93437 64,1875 64,55149 64,69867 64,79202 64,6898 64,5761 64,62582 64,61611 64,77148 65,03059 65,10302 65,12514 65,1015 65,12914 65,18735 65,04263 64,60703 64,13685 63,95132 63,84471 63,41035 62,42208 61,454 61,08443
70,27565 70,2318 70,14227 70,19315 70,21965 70,0966 70,02555 69,91939 69,8046 69,73811 69,49805 69,07018 68,84735 68,70541 68,60923 68,59917 68,62595 68,63324 68,62073 68,5583 68,44523 68,20009 67,71527 66,75193 65,63258 65,00264 64,68841 64,42513 63,92087 63,52873 63,43645 63,43371 63,24047 62,93021 62,79209 62,71781 62,66002 62,67101 62,80301 63,33317 63,80341 63,93784 64,01557 64,2396 64,63524 65,0279 65,22498 65,12023 64,92696 64,91022 64,99023 65,2159 65,42323 65,39277 65,35703 65,37981 65,52576 65,7274 65,72679 65,38886 64,96252 64,70414 64,44322 64,07671 63,35963 62,09723 61,29218
70,80985 70,72066 70,61613 70,60838 70,65047 70,50201 70,368 70,26704 70,18517 70,14181 69,94437 69,57536 69,2968 69,08001 68,94362 68,87099 68,81636 68,75937 68,72778 68,70128 68,66002 68,53587 68,12396 67,2573 66,18688 65,45573 65,13326 64,88922 64,55534 64,36191 64,39846 64,3863 64,11874 63,73107 63,39612 63,10282 62,82814 62,72794 62,7714 63,08011 63,68031 64,0117 64,07945 64,26575 64,73395 65,30254 65,65103 65,62694 65,49667 65,44269 65,63419 65,89758 66,03144 65,9655 65,82308 65,77242 65,92401 66,20285 66,28992 66,18895 65,88026 65,55495 65,22411 64,80523 64,09844 62,86678 61,9133
71,27106 71,19033 71,13923 71,20442 71,21241 71,04609 70,7556 70,54006 70,46122 70,3862 70,1979 69,96203 69,71886 69,47082 69,29577 69,18159 69,05556 68,92271 68,82169 68,75142 68,69354 68,54555 68,08115 67,30475 66,45144 65,79508 65,47543 65,31438 65,16156 65,04606 64,98017 64,89878 64,58855 64,16393 63,83037 63,52066 63,13461 62,85475 62,82131 62,97429 63,42968 63,86044 64,04441 64,31559 64,81831 65,40714 65,94826 66,12509 66,05428 65,99539 66,26501 66,54935 66,63868 66,56977 66,35725 66,18829 66,25544 66,47729 66,58044 66,61766 66,41277 66,11962 65,75173 65,14874 64,31425 63,30854 62,69145
71,78174 71,71428 71,71851 71,80661 71,77969 71,60204 71,3308 70,95749 70,70827 70,56796 70,43627 70,33789 70,20158 70,02451 69,79413 69,58368 69,41232 69,23489 69,03883 68,87704 68,72326 68,45226 67,91427 67,17786 66,50181 66,04744 65,77206 65,62562 65,5264 65,38302 65,25235 65,09699 64,72105 64,25153 63,91876 63,64999 63,30999 62,99184 62,90639 62,95522 63,20599 63,68686 64,05408 64,41056 64,88088 65,38471 65,95212 66,29607 66,32244 66,30054 66,58403 66,88649 66,9452 66,87923 66,70606 66,56141 66,55466 66,6489 66,70822 66,72643 66,53783 66,22396 65,79341 64,97168 64,0216 63,51344 63,29103
72,28017 72,23639 72,22198 72,26334 72,26447 72,13779 71,88229 71,46402 71,08241 70,88718 70,79263 70,71942 70,62616 70,53595 70,34943 70,09255 69,85069 69,6198 69,37846 69,19583 68,97258 68,57765 68,03452 67,40034 66,81312 66,39954 66,10826 65,99626 65,95489 65,8707 65,75134 65,45497 64,98867 64,52361 64,12358 63,71206 63,3201 63,06577 62,9931 63,02072 63,14004 63,53087 64,02178 64,41119 64,84601 65,3038 65,84293 66,24821 66,37067 66,42982 66,71024 67,01216 67,08268 67,05029 66,95533 66,87447 66,821 66,79108 66,78518 66,73973 66,51729 66,09386 65,46968 64,53465 63,72895 63,56208 63,46348
72,75414 72,72126 72,66514 72,67896 72,75767 72,70242 72,39165 71,91276 71,48624 71,28725 71,18516 71,07984 70,98774 70,91653 70,77842 70,53661 70,26981 70,01376 69,76941 69,6366 69,39948 68,9143 68,33839 67,71551 67,17232 66,83088 66,67896 66,73875 66,75317 66,59559 66,28672 65,85503 65,39999 65,01457 64,61577 64,05475 63,49629 63,18982 63,1048 63,11181 63,14828 63,31757 63,72846 64,23004 64,69434 65,14667 65,61887 66,13887 66,49871 66,67446 66,85955 67,07864 67,17557 67,18475 67,14619 67,1013 66,9808 66,83088 66,76482 66,68309 66,41915 65,92768 65,20809 64,30878 63,70599 63,67007 63,65002
73,33325 73,24451 73,18286 73,26009 73,35651 73,24875 72,90916 72,41676 72,00446 71,82811 71,68808 71,49014 71,33786 71,23656 71,0975 70,90141 70,71373 70,5147 70,26263 70,04483 69,7714 69,41317 68,93105 68,23847 67,66666 67,50274 67,58305 67,58983 67,40311 67,07153 66,62902 66,19494 65,8363 65,53104 65,14371 64,53918 63,90556 63,51304 63,32529 63,23621 63,22971 63,27075 63,49817 63,97564 64,46024 64,86133 65,2779 65,92117 66,62981 66,97758 67,05805 67,14919 67,23116 67,2505 67,25011 67,21372 67,01612 66,78999 66,68761 66,50995 66,10097 65,57951 64,99358 64,27724 63,79465 63,77615 63,74471
73,93195 73,84272 73,80266 73,92031 74,03929 73,91499 73,56851 73,13155 72,80128 72,66884 72,52335 72,20039 71,84076 71,56515 71,37879 71,2961 71,26075 71,12448 70,82839 70,50204 70,14735 69,77787 69,34489 68,75537 68,30072 68,25507 68,33905 68,22097 67,97058 67,58771 67,07262 66,61117 66,3252 66,07476 65,60732 64,94714 64,34097 63,92756 63,63997 63,40823 63,32999 63,34024 63,43977 63,80451 64,29986 64,71242 65,09712 65,6218 66,43533 67,03523 67,11439 -9999 -9999 -9999 -9999 67,18453 66,96384 66,72688 66,52461 66,17982 65,71854 65,31049 64,87399 64,31868 63,88765 63,74859 63,6317
74,47925 74,41133 74,39098 74,51266 74,62132 74,48424 74,14211 73,75278 73,46463 73,34466 73,24528 72,98658 72,55591 72,02789 71,70814 71,7543 71,87613 71,802 71,46754 71,00658 70,56258 70,13149 69,65965 69,18077 68,86825 68,8214 68,7937 68,59041 68,28205 67,96647 67,55244 67,0627 66,79362 66,62482 66,09822 65,32169 64,66733 64,22923 63,9259 63,62104 63,44398 63,42242 63,4345 63,62912 64,09105 64,60107 65,01585 65,38081 66,02477 66,7221 -9999 -9999 -9999 -9999 -9999 -9999 -9999 -9999 66,30116 65,89433 65,52674 65,22956 64,92059 64,56155 64,10973 63,78151 63,59353
74,97388 75,05782 75,08162 75,12274 75,12896 74,93082 74,5636 74,19119 73,92803 73,78404 73,67083 73,47325 73,11617 72,53027 72,13721 72,17345 72,29067 72,23304 71,8988 71,37984 70,89407 70,4748 70,03432 69,59756 69,29968 69,1504 68,91278 68,58371 68,32548 68,16318 67,96021 67,56524 67,25145 67,10202 66,58598 65,73592 65,01424 64,52129 64,19846 63,88949 63,60916 63,49996 63,48271 63,53564 63,89175 64,48022 64,95312 65,24586 65,6067 -9999 -9999 -9999 -9999 -9999 -9999 -9999 -9999 -9999 -9999 -9999 -9999 -9999 64,91322 64,72116 64,33601 63,9649 63,69529
75,43973 75,62701 75,72657 75,74167 75,80722 75,70675 75,37423 74,97837 74,55679 74,22704 74,01907 73,7466 73,38431 72,93578 72,65299 72,60065 72,58673 72,47017 72,07635 71,53094 71,08987 70,71777 70,31043 69,9184 69,57832 69,31112 68,96325 68,6805 68,51984 68,40463 68,3059 68,08737 67,7624 67,50025 67,03095 66,24255 65,46984 64,88232 64,52002 64,22209 63,83338 63,59674 63,54911 63,53251 63,73865 64,36372 64,88481 -9999 -9999 -9999 -9999 -9999 -9999 -9999 -9999 -9999 -9999 -9999 -9999 -9999 -9999 -9999 -9999 -9999 -9999 -9999 63,69102
75,83514 76,0582 76,18855 76,20425 76,36175 76,45184 76,36962 76,13773 75,61502 74,98645 74,46495 74,00349 73,61083 73,29677 73,11468 73,00334 72,89276 72,68426 72,16888 71,58085 71,1739 70,82018 70,44044 70,06455 69,7187 69,4733 69,17657 68,93678 68,79441 68,70257 68,62122 68,44881 68,13997 67,775 67,38715 66,78124 66,02796 65,31561 64,83709 64,53685 64,10587 63,71359 63,59924 63,57074 63,6318 64,04958 -9999 -9999 -9999 -9999 -9999 -9999 -9999 -9999 -9999 -9999 -9999 -9999 -9999 -9999 -9999 -9999 -9999 -9999 -9999 -9999 -9999
76,08217 76,35789 76,50036 76,52227 76,61997 76,72572 76,77247 76,6897 76,31592 75,62147 74,87425 74,30502 73,95113 73,68213 73,46112 73,30215 73,17413 72,90927 72,32785 71,76206 71,36086 71,03357 70,71021 70,29831 69,91301 69,64639 69,37668 69,18517 69,08167 69,01726 68,9104 68,66727 68,28806 67,89336 67,57421 67,18505 66,56837 65,74924 65,09328 64,75804 64,41003 63,89648 63,64752 -9999 -9999 -9999 -9999 -9999 -9999 -9999 -9999 -9999 -9999 -9999 -9999 -9999 -9999 -9999 -9999 -9999 -9999 -9999 -9999 -9999 -9999 -9999 -9999
76,24673 76,56482 76,73596 76,74577 76,73767 76,78704 76,80216 76,74815 76,51029 75,86606 75,12986 74,61314 74,3044 74,08338 73,83301 73,61459 73,43313 73,0658 72,51812 72,06921 71,66969 71,2891 70,92426 70,54831 70,21312 69,98338 69,72309 69,43681 69,26929 69,17899 -9999 68,74345 68,25481 67,86582 67,63165 67,39405 66,87548 66,01442 65,24632 64,85903 -9999 -9999 -9999 -9999 -9999 -9999 -9999 -9999 -9999 -9999 -9999 -9999 -9999 -9999 -9999 -9999 -9999 -9999 -9999 -9999 -9999 -9999 -9999 -9999 -9999 -9999 -9999
76,55862 77,01787 77,15891 77,13759 76,98626 76,82375 76,77625 76,72775 76,56755 75,98793 75,36572 74,93284 74,59882 74,38442 74,20003 73,99628 73,67889 73,06875 72,46918 72,06252 71,69721 71,3294 71,0236 70,80796 70,55799 70,24458 70,00607 -9999 -9999 -9999 -9999 -9999 -9999 -9999 -9999 -9999 -9999 -9999 -9999 -9999 -9999 -9999 -9999 -9999 -9999 -9999 -9999 -9999 -9999 -9999 -9999 -9999 -9999 -9999 -9999 -9999 -9999 -9999 -9999 -9999 -9999 -9999 -9999 -9999 -9999 -9999 -9999
76,81519 77,42977 77,5529 77,51778 77,32285 76,91323 76,75654 76,70809 76,61877 76,14175 75,66302 75,27988 74,8913 74,56932 74,39684 74,22948 73,79133 73,04214 72,41238 72,00191 71,62766 71,29263 71,06759 70,96076 70,80018 -9999 -9999 -9999 -9999 -9999 -9999 -9999 -9999 -9999 -9999 -9999 -9999 -9999 -9999 -9999 -9999 -9999 -9999 -9999 -9999 -9999 -9999 -9999 -9999 -9999 -9999 -9999 -9999 -9999 -9999 -9999 -9999 -9999 -9999 -9999 -9999 -9999 -9999 -9999 -9999 -9999 -9999
76,77695 77,53365 77,78873 77,77815 77,61687 77,21487 76,87381 76,74482 76,66473 76,35213 76,00988 75,64174 75,15386 74,70289 74,53582 74,32442 73,83819 73,22643 72,61948 72,20973 71,7944 71,42521 71,19416 -9999 -9999 -9999 -9999 -9999 -9999 -9999 -9999 -9999 -9999 -9999 -9999 -9999 -9999 -9999 -9999 -9999 -9999 -9999 -9999 -9999 -9999 -9999 -9999 -9999 -9999 -9999 -9999 -9999 -9999 -9999 -9999 -9999 -9999 -9999 -9999 -9999 -9999 -9999 -9999 -9999 -9999 -9999 -9999
76,98273 77,63001 77,97056 78,05347 77,93093 77,63698 77,32255 77,11616 76,88676 76,67961 76,44006 76,12299 75,53861 74,96329 74,76841 74,49357 74,06979 73,64074 73,09808 72,6631 72,2192 71,83836 -9999 -9999 -9999 -9999 -9999 -9999 -9999 -9999 -9999 -9999 -9999 -9999 -9999 -9999 -9999 -9999 -9999 -9999 -9999 -9999 -9999 -9999 -9999 -9999 -9999 -9999 -9999 -9999 -9999 -9999 -9999 -9999 -9999 -9999 -9999 -9999 -9999 -9999 -9999 -9999 -9999 -9999 -9999 -9999 -9999
77,34007 77,74802 78,06646 78,25595 78,25809 78,04805 77,82375 77,74187 77,48922 77,20393 76,89223 76,57954 76,05058 75,45305 75,14583 74,90324 74,59231 74,2411 73,68266 73,13924 72,64236 -9999 -9999 -9999 -9999 -9999 -9999 -9999 -9999 -9999 -9999 -9999 -9999 -9999 -9999 -9999 -9999 -9999 -9999 -9999 -9999 -9999 -9999 -9999 -9999 -9999 -9999 -9999 -9999 -9999 -9999 -9999 -9999 -9999 -9999 -9999 -9999 -9999 -9999 -9999 -9999 -9999 -9999 -9999 -9999 -9999 -9999
77,49408 77,94019 78,28564 78,44694 78,48325 78,36774 78,18298 78,17531 78,06158 77,70022 77,27207 76,87047 76,43369 75,89854 75,46497 75,22115 75,02165 74,75347 74,23315 73,62154 -9999 -9999 -9999 -9999 -9999 -9999 -9999 -9999 -9999 -9999 -9999 -9999 -9999 -9999 -9999 -9999 -9999 -9999 -9999 -9999 -9999 -9999 -9999 -9999 -9999 -9999 -9999 -9999 -9999 -9999 -9999 -9999 -9999 -9999 -9999 -9999 -9999 -9999 -9999 -9999 -9999 -9999 -9999 -9999 -9999 -9999 -9999
77,66312 78,28764 78,65832 78,61844 78,53882 78,47961 78,35311 78,29154 78,26155 77,97091 77,59929 77,21815 76,82029 76,32526 75,80347 75,46429 75,25159 74,98329 74,61269 -9999 -9999 -9999 -9999 -9999 -9999 -9999 -9999 -9999 -9999 -9999 -9999 -9999 -9999 -9999 -9999 -9999 -9999 -9999 -9999 -9999 -9999 -9999 -9999 -9999 -9999 -9999 -9999 -9999 -9999 -9999 -9999 -9999 -9999 -9999 -9999 -9999 -9999 -9999 -9999 -9999 -9999 -9999 -9999 -9999 -9999 -9999 -9999
78,02664 78,63378 78,82861 78,66434 78,59071 78,54785 78,45544 78,3036 78,26461 78,11614 77,92739 77,69653 77,4366 77,00955 76,41107 75,94131 75,59446 75,22362 -9999 -9999 -9999 -9999 -9999 -9999 -9999 -9999 -9999 -9999 -9999 -9999 -9999 -9999 -9999 -9999 -9999 -9999 -9999 -9999 -9999 -9999 -9999 -9999 -9999 -9999 -9999 -9999 -9999 -9999 -9999 -9999 -9999 -9999 -9999 -9999 -9999 -9999 -9999 -9999 -9999 -9999 -9999 -9999 -9999 -9999 -9999 -9999 -9999
78,46326 78,88174 79,02708 78,94637 78,82742 78,73746 78,55567 78,34863 78,31321 78,35281 78,48647 78,34409 78,08054 77,67389 77,14813 76,67155 76,21086 -9999 -9999 -9999 -9999 -9999 -9999 -9999 -9999 -9999 -9999 -9999 -9999 -9999 -9999 -9999 -9999 -9999 -9999 -9999 -9999 -9999 -9999 -9999 -9999 -9999 -9999 -9999 -9999 -9999 -9999 -9999 -9999 -9999 -9999 -9999 -9999 -9999 -9999 -9999 -9999 -9999 -9999 -9999 -9999 -9999 -9999 -9999 -9999 -9999 -9999
78,71979 79,03967 79,31747 79,37367 79,1668 78,93013 78,5865 78,37384 78,37569 78,55421 78,89774 78,77451 78,36597 77,96671 77,65769 77,31014 -9999 -9999 -9999 -9999 -9999 -9999 -9999 -9999 -9999 -9999 -9999 -9999 -9999 -9999 -9999 -9999 -9999 -9999 -9999 -9999 -9999 -9999 -9999 -9999 -9999 -9999 -9999 -9999 -9999 -9999 -9999 -9999 -9999 -9999 -9999 -9999 -9999 -9999 -9999 -9999 -9999 -9999 -9999 -9999 -9999 -9999 -9999 -9999 -9999 -9999 -9999
78,88181 79,20134 79,5536 79,60738 79,37749 79,04836 78,67451 78,50202 78,37933 78,41438 78,71834 78,69528 78,31937 78,02542 77,86885 -9999 -9999 -9999 -9999 -9999 -9999 -9999 -9999 -9999 -9999 -9999 -9999 -9999 -9999 -9999 -9999 -9999 -9999 -9999 -9999 -9999 -9999 -9999 -9999 -9999 -9999 -9999 -9999 -9999 -9999 -9999 -9999 -9999 -9999 -9999 -9999 -9999 -9999 -9999 -9999 -9999 -9999 -9999 -9999 -9999 -9999 -9999 -9999 -9999 -9999 -9999 -9999
78,89114 79,22345 79,68089 79,7204 79,52811 79,23878 79,00902 78,91306 78,59727 78,31631 78,36276 78,33545 78,08401 77,96698 -9999 -9999 -9999 -9999 -9999 -9999 -9999 -9999 -9999 -9999 -9999 -9999 -9999 -9999 -9999 -9999 -9999 -9999 -9999 -9999 -9999 -9999 -9999 -9999 -9999 -9999 -9999 -9999 -9999 -9999 -9999 -9999 -9999 -9999 -9999 -9999 -9999 -9999 -9999 -9999 -9999 -9999 -9999 -9999 -9999 -9999 -9999 -9999 -9999 -9999 -9999 -9999 -9999
